11111101
11111101
11111101
11111101
11111101
11111101
11111101
11111101
11111101
11111101
11111101
11111101
11111101
11111101
11111101
11111101
11111101
11111101
11111101
11111100
11111100
11111100
11111011
11111010
11111000
11110101
11110010
11110000
11111101
11111101
11111101
11111101
11111101
11111101
11111101
11111100
11111101
11111101
11111101
11111101
11111101
11111101
11111101
11111101
11111101
11111101
11111100
11111100
11111100
11111100
11111011
11111010
11110111
11110100
11110001
11101111
11111101
11111101
11111101
11111101
11111101
11111100
11111100
11111100
11111100
11111100
11111101
11111101
11111101
11111101
11111101
11111101
11111101
11111101
11111100
11111100
11111100
11111011
11111011
11111001
11110110
11110011
11110000
11101111
11111101
11111101
11111101
11111101
11111101
11111100
11111100
11111100
11111100
11111100
11111100
11111101
11111101
11111101
11111101
11111101
11111101
11111100
11111100
11111100
11111100
11111011
11111010
11111000
11110101
11110001
11101111
11101110
11111101
11111101
11111101
11111101
11111100
11111100
11111100
11111100
11111100
11111100
11111100
11111100
11111001
11101000
11110001
11111100
11111100
11111100
11111100
11111100
11111100
11111011
11111010
11110111
11110100
11110000
11101110
11101111
11111101
11111101
11111101
11111101
11111100
11111100
11111100
11111100
11111100
11111011
11011101
11000000
10101000
1011110
10001001
11101011
11011101
11101110
11111100
11111100
11111011
11111011
11111001
11110110
11110010
11101111
11101101
11101111
11111101
11111101
11111101
11111100
11111100
11111100
11111100
11111100
11111100
11101100
1100111
1000011
1000000
1001000
1010010
1111001
1001000
10000100
11110101
11111100
11111011
11111010
11111000
11110101
11110001
11101101
11101101
11101111
11111101
11111101
11111101
11111100
11111100
11111100
11111100
11111100
11111100
11100011
1011011
1000111
111011
1001011
1000101
101011
111010
1011000
11100110
11111000
11111010
11111010
11110111
11110011
11101111
11101101
11101110
11110000
11111101
11111101
11111100
11111100
11111100
11111100
11010110
11001111
11110110
11100111
1100011
1000110
111001
1000111
1000011
100110
111001
1010011
10111011
10000000
11000010
11111001
11110110
11110010
11101110
11101100
11101110
11110001
11111101
11111101
11111100
11111100
11111100
11111100
10111001
1010101
10100110
11100001
1100000
1000001
110101
1000101
1000100
101010
111101
1010010
1111001
111100
10001100
11110111
11110101
11110000
11101100
11101100
11101111
11110011
11111101
11111101
11111100
11111100
11111100
11111100
11010010
1010101
1010111
11000000
1010111
111101
110100
1000110
1000100
110111
1000011
1001101
1011100
111111
10001111
11110111
11110011
11101110
11101100
11101101
11110000
11110100
11111101
11111101
11111100
11111100
11111100
11111011
11010101
1011000
111110
10010000
1001110
1000000
111101
1001011
1000011
111111
1000111
1000101
111101
1000010
10001101
11110101
11110001
11101101
11101011
11101101
11110001
11110101
11111101
11111100
11111100
11111100
11111100
11111100
11011111
1101000
1000100
1001011
1001011
1001001
1001000
1001110
1000110
1001000
1001111
1001000
1000011
1000111
10001011
11110100
11101111
11101011
11101011
11101110
11110011
11110110
11111101
11111100
11111100
11111100
11111100
11111011
11110011
10000100
111101
110010
1001010
1001100
1001100
1010010
1001100
1010000
1010001
1001010
1001011
1001000
10010111
11110011
11101101
11101010
11101100
11110000
11110100
11110111
11111100
11111100
11111100
11111100
11111011
11111011
11111011
11000011
111111
101111
1000111
1001101
1001101
1010001
1001101
1001111
1001101
1001011
1001111
1001111
10101101
11110001
11101100
11101010
11101101
11110001
11110110
11111000
11111100
11111100
11111100
11111100
11111011
11111011
11111011
11101101
1101011
110101
1000001
1001011
1001101
1010000
1001110
1001110
1001100
1001110
1001101
1010001
10111100
11101111
11101010
11101010
11101110
11110011
11110111
11111001
11111100
11111100
11111100
11111100
11111011
11111011
11111011
11111010
11000011
1001101
111111
1000110
1001100
1010001
1001111
1001111
1001110
1001110
1001010
1001101
11001100
11101100
11101001
11101011
11110000
11110101
11111000
11111001
11111100
11111100
11111100
11111100
11111011
11111011
11111011
11111010
11110110
10100001
1000110
1000011
1001001
1010010
1010100
1010010
1010000
1001110
1000110
1010100
11011011
11101010
11101001
11101101
11110010
11110110
11111000
11111001
11111100
11111100
11111100
11111100
11111011
11111011
11111010
11111010
11111010
11101100
1110011
1000100
1001001
1010001
1010101
1010100
1001111
1001010
111111
1110000
11100111
11101001
11101001
11101110
11110100
11110111
11111001
11111001
11111100
11111100
11111100
11111100
11111011
11111011
11111010
11111010
11111010
11111010
11000000
1001010
1000101
1001011
1001110
1010100
1001101
1000101
111011
10100001
11101011
11101000
11101011
11110000
11110101
11111000
11111001
11111001
11111100
11111100
11111100
11111100
11111011
11111011
11111010
11111010
11111010
11111010
11110000
1110011
111111
1000100
1001001
1010000
1001010
1000000
1001000
11001100
11101001
11101000
11101100
11110010
11110110
11111000
11111001
11111001
11111100
11111100
11111100
11111011
11111011
11111011
11111010
11111010
11111010
11111001
11111001
10010100
111010
1000100
1001001
1001001
1000100
111100
1001100
11010001
11100111
11101001
11101110
11110100
11110111
11111000
11111000
11111001
11111100
11111100
11111100
11111011
11111011
11111011
11111010
11111010
11111001
11111001
11111001
10010011
111100
1000100
1000111
1000110
1000011
111101
111111
10111001
11100110
11101010
11110001
11110101
11110111
11111000
11111000
11111001
11111100
11111100
11111100
11111011
11111011
11111011
11111010
11111010
11111001
11111001
11111000
10001110
1000000
1000010
1000011
1000011
1000011
1000010
111100
10010011
11100110
11101100
11110011
11110110
11110111
11111000
11111000
11111000
11111100
11111011
11111011
11111011
11111011
11111010
11111010
11111001
11111001
11111001
11110111
10001001
1000001
1000010
1000010
1000010
1000010
111111
111100
1101111
11100011
11101110
11110100
11110111
11110111
11110111
11111000
11111000
11111100
11111011
11111011
11111011
11111011
11111010
11111010
11111001
11111001
11111000
11110110
10000010
1000001
1000011
1000011
1000011
1000010
111101
111000
1011000
11011110
11110001
11110101
11110111
11110111
11110111
11111000
11111000
11111011
11111011
11111011
11111011
11111010
11111010
11111010
11111001
11111001
11111000
11110101
1111100
1000000
1000011
1000100
1000100
1000100
111101
110110
1001001
11010110
11110011
11110110
11110111
11110111
11110111
11111000
11111000
11111011
11111011
11111011
11111011
11111010
11111010
11111010
11111001
11111000
11111000
11110011
1110110
111111
1000011
1000100
1000100
1000101
111110
110110
111110
11001100
11110100
11110110
11110110
11110111
11110111
11111000
11111001
